em_testing,f1_score_testing,sas_testing,fold,gold_answers,model_answers
1.0,1.0,0.9714833498001099,2,Thinly slice remaining half chili and set aside for garnish.,Thinly slice remaining half chili and set aside for garnish.
1.0,1.0,0.9716690182685852,2,Carefully spoon off about 3 tablespoons of the solid fat from the surface and place it in a large Dutch oven.,Carefully spoon off about 3 tablespoons of the solid fat from the surface and place it in a large Dutch oven.
0.0,0.17391304671764374,0.27807578444480896,2,"Add half of sliced scallions and turmeric and cook, stirring, until lightly softened.",Thinly slice remaining half chili and set aside for garnish.
0.0,0.5789473652839661,0.7066352367401123,2,"combine peanuts and remaining tablespoon oil in a medium skillet set over medium heat. Cook, tossing and stirring frequently, until peanuts are a deep golden brown","Cook, tossing and stirring frequently, until peanuts are a deep golden brown, about 8 minutes."
1.0,1.0,0.9698712825775146,2,Immediately transfer to a bowl to prevent scorching.,Immediately transfer to a bowl to prevent scorching.
0.0,0.4166666567325592,0.4445909559726715,2,Transfer 1/2 cup of peanuts to a cutting board and roughly chop. Reserve for garnish.,Transfer half of the remaining peanuts to the now-empty mortar and pestle.
1.0,1.0,0.9737935066223145,2,"Transfer half of the remaining peanuts to the now-empty mortar and pestle. Sprinkle with 1 teaspoon sugar and a pinch of salt. Pound to form a rough paste, then transfer to pot of soup.","Transfer half of the remaining peanuts to the now-empty mortar and pestle. Sprinkle with 1 teaspoon sugar and a pinch of salt. Pound to form a rough paste, then transfer to pot of soup."
0.0,0.4117647111415863,0.5279356837272644,2,"Sprinkle with 1 teaspoon sugar and a pinch of salt. Pound to form a rough paste, then transfer to pot of soup. Repeat with the other half of the remaining peanuts.",Repeat with the other half of the remaining peanuts.
0.0,0.0,0.08695283532142639,2,repeat,Transfer to pot of soup.
1.0,1.0,0.9734366536140442,2,blend soup until mostly smooth but a little texture remains using a hand blender directly in the pot or by transferring to a countertop blender in batches.,blend soup until mostly smooth but a little texture remains using a hand blender directly in the pot or by transferring to a countertop blender in batches
0.0,0.6301369667053223,0.5853075981140137,2,"blend soup until mostly smooth but a little texture remains using a hand blender directly in the pot or by transferring to a countertop blender in batches. Bring to a simmer, stir in kale, and cook until kale is completely wilted and tender, about 5 minutes. Stir in lime juice.","When potatoes are fully softened, blend soup until mostly smooth but a little texture remains using a hand blender directly in the pot or by transferring to a countertop blender in batches."
0.0,0.4761904776096344,0.5574453473091125,2,"cook until kale is completely wilted and tender, about 5 minutes. Stir in lime juice. Season soup to taste with salt, pepper, and hot sauce. Stir in cilantro, reserving some for garnish.","Season soup to taste with salt, pepper, and hot sauce."
0.0,0.9166666865348816,0.9721480011940002,2,adding up to 2 tablespoons additional water if batter is too thick.,Add up to 2 tablespoons additional water if batter is too thick.
1.0,1.0,0.974692165851593,2,It should have the consistency of thin paint and fall off of the whisk in thin ribbons that instantly disappear as they hit the surface of the batter in the bowl.,It should have the consistency of thin paint and fall off of the whisk in thin ribbons that instantly disappear as they hit the surface of the batter in the bowl.
1.0,1.0,0.9699544906616211,2,Add tofu and carefully turn to coat.,Add tofu and carefully turn to coat.
1.0,1.0,0.9735805988311768,2,Carefully pour oil out of wok into a heatproof container and reserve.,Carefully pour oil out of wok into a heatproof container and reserve.
0.0,0.8666666746139526,0.8282470703125,2,"Stock, soy sauce, bean paste, vinegar, sugar, and remaining 2 teaspoons corn starch.","Combine stock, soy sauce, bean paste, vinegar, sugar, and remaining 2 teaspoons corn starch in a small bowl."
1.0,1.0,0.9542423486709595,2,Set aside.,Set aside.
1.0,1.0,0.9714905619621277,2,Coarsely grind half of peppercorns in a mortar and pestle or spice grinder.,Coarsely grind half of peppercorns in a mortar and pestle or spice grinder.
1.0,1.0,0.9723371267318726,2,"Add remaining half of peppercorns and chilies and cook, stirring, for 5 seconds.","Add remaining half of peppercorns and chilies and cook, stirring, for 5 seconds."
1.0,1.0,0.9696743488311768,2,Immediately drain through fine mesh strainer.,Immediately drain through fine mesh strainer.
1.0,1.0,0.9696750044822693,2,Clear a space in the center of the wok and add the scallion/ginger/garlic mixture.,Clear a space in the center of the wok and add the scallion/ginger/garlic mixture.
0.0,0.10810811072587967,0.15448373556137085,2,"Stir sauce mixture and add to wok. Cook, tossing and folding ingredients together until tofu is fully coated.","Working one at a time, lift one piece and allow excess batter to drip off. Carefully lower into hot oil."
0.0,0.6666666865348816,0.7359216809272766,2,preheat oven,Preheat oven to 375°F.
0.0,0.16129031777381897,0.3242843747138977,2,"Place potatoes in a large saucepan and cover with 2 quarts cold water. Add vinegar and 2 tablespoons kosher salt. Bring to a boil over high heat. Reduce to a simmer and cook until barely tender, about 5 minutes after coming to a boil. Drain potatoes in a colander and let drain for 2 minutes.",Place chorizo chunks in a cast iron skillet and place over medium heat.
0.0,0.52173912525177,0.6286376714706421,2,"Bring to a boil over high heat. Reduce to a simmer and cook until barely tender, about 5 minutes",Bring to a boil over high heat.
1.0,1.0,0.9721606373786926,2,Drain potatoes in a colander and let drain for 2 minutes.,Drain potatoes in a colander and let drain for 2 minutes.
0.0,0.7058823704719543,0.7402892112731934,2,"Cook, stirring, until chorizo is crisp on all sides and fat has rendered out, about 10 minutes total. Remove chorizo with a slotted spoon to a large bowl, leaving fat in skillet. Set chorizo aside.","Cook, stirring, until chorizo is crisp on all sides and fat has rendered out, about 10 minutes total."
0.0,0.7586206793785095,0.7602293491363525,2,chorizo is crisp on all sides and fat has rendered out,"Cook, stirring, until chorizo is crisp on all sides and fat has rendered out, about 10 minutes total."
0.0,0.5306122303009033,0.630868673324585,2,"Add 3 tablespoons oil to skillet and heat over medium-high heat until shimmering. Add drained potatoes and cook, stirring and tossing occasionally, until potatoes are deep brown and crisp on all sides, about 20 minutes total.",Add 3 tablespoons oil to skillet and heat over medium-high heat until shimmering.
0.0,0.6909090876579285,0.7160546779632568,2,"Cook, stirring and tossing occasionally, until potatoes are deep brown and crisp on all sides, about 20 minutes total.","Add 3 tablespoons oil to skillet and heat over medium-high heat until shimmering. Add drained potatoes and cook, stirring and tossing occasionally, until potatoes are deep brown and crisp on all sides, about 20 minutes total."
0.0,0.7096773982048035,0.7138672471046448,2,"Add cumin and paprika and cook, stirring, until fragrant, about 30 seconds. Season to taste with salt and pepper.","Add cumin and paprilka and cook, stirring, until fragrant, about 30 seconds."
0.0,0.5,0.5843989849090576,2,transfer to bowl with potatoes and chorizo. Toss contents of bowl and return to skillet. Make 4 wells in potato mixture.,Season to taste with salt and pepper then transfer to bowl with potatoes and chorizo.
0.0,0.0,0.057840604335069656,2,Slide into a fine mesh strainer over the sink.,Carefully add to one of the cavities in the skillet.
1.0,1.0,0.9614646434783936,2,Carefully break 1 egg into a small bowl and slide into a fine mesh strainer over the sink. Swirl egg very gently until excess loose white drains away. Carefully add to one of the cavities in the skillet. Repeat with remaining three eggs.,Carefully break 1 egg into a small bowl and slide into a fine mesh strainer over the sink. Swirl egg very gently until excess loose white drains away. Carefully add to one of the cavities in the skillet. Repeat with remaining three eggs.
0.0,0.0,0.09185438603162766,2,Carefully add to one of the cavities in the skillet.,Swirl egg very gently until excess loose white drains away.
0.0,0.4285714328289032,0.6303131580352783,2,Transfer to oven.,Season to taste with salt and pepper then transfer to oven.
0.0,0.6666666865348816,0.6856444478034973,2,"Garnish with sliced scallion greens, chopped cilantro, and avocado. Serve immediately with salsa and tortillas.","Remove from oven, garnish with sliced scallion greens, chopped cilantro, and avocado."
0.0,0.24719101190567017,0.7081009149551392,2,"Adjust oven rack to center position and preheat to 350°F (180°C). Working with one pumpkin at a time, use a sharp paring knife to cut the top of the pumpkin off in one piece. Carefully run knife along the cavity of the pumpkin to loosen seeds and stringy pulp, then use a spoon to scoop them out and scrape the cavity clean. Using the paring knife, scrape seeds and pulp from the tops as well. Discard seeds and pulp or reserve for another use. Repeat with remaining pumpkins.",Adjust oven rack to center position and preheat to 350°F (180°C).
0.0,0.7058823704719543,0.7982885837554932,2,"Carefully run knife along the cavity of the pumpkin to loosen seeds and stringy pulp, then use a spoon to scoop them out and scrape the cavity clean. Using the paring knife, scrape seeds and pulp from the tops as well. Discard seeds and pulp or reserve for another use.","Carefully run knife along the cavity of the pumpkin to loosen seeds and stringy pulp, then use a spoon to scoop them out and scrape the cavity clean."
0.0,0.8888888955116272,0.7583737373352051,2,"Lightly drizzle the cut and inner surfaces of kabocha squash, pumpkins, and pumpkin tops with olive oil, rubbing them with your hands to evenly coat. Season heavily with salt and pepper.","Lightly drizzle the cut and inner surfaces of kabocha squash, pumpkins, and pumpkin tops with olive oil, rubbing them with your hands to evenly coat."
1.0,1.0,0.973347544670105,2,"Lightly drizzle the cut and inner surfaces of kabocha squash, pumpkins, and pumpkin tops with olive oil, rubbing them with your hands to evenly coat.","Lightly drizzle the cut and inner surfaces of kabocha squash, pumpkins, and pumpkin tops with olive oil, rubbing them with your hands to evenly coat."
0.0,0.3333333432674408,0.5479013919830322,2,Season heavily with salt and pepper.,"Lightly drizzle the cut and inner surfaces of kabocha squash, pumpkins, and pumpkin tops with olive oil, rubbing them with your hands to evenly coat. Season heavily with salt and pepper."
0.0,0.7058823704719543,0.6733177304267883,2,"Place pumpkin tops on pumpkins, then set pumpkins on prepared baking sheet. Set kabocha squash, cut side down, on the same baking sheet.","Place pumpkin tops on pumpkins, then set pumpkins on prepared baking sheet."
1.0,1.0,0.974075436592102,2,"Roast until kabocha squash is tender and can easily be pierced with a paring knife, and sugar pumpkins have slightly softened, 45 minutes to 1 hour.","Roast until kabocha squash is tender and can easily be pierced with a paring knife, and sugar pumpkins have slightly softened, 45 minutes to 1 hour."
1.0,1.0,0.9725900888442993,2,Lift pumpkin tops from pumpkins to allow steam to escape and set all roasted squash aside to cool on baking sheet.,Lift pumpkin tops from pumpkins to allow steam to escape and set all roasted squash aside to cool on baking sheet.
0.0,0.8813559412956238,0.7714982032775879,2,"heat oil over medium-high heat until shimmering. Add mushrooms, season with salt and pepper, and cook, stirring frequently with a wooden spoon, until moisture has evaporated and mushrooms are well browned, about 10 minutes.","Add mushrooms, season with salt and pepper, and cook, stirring frequently with a wooden spoon, until moisture has evaporated and mushrooms are well browned, about 10 minutes."
0.0,0.3921568691730499,0.621491551399231,2,"cook, stirring frequently with a wooden spoon, until moisture has evaporated and mushrooms are well browned, about 10 minutes.","Push mushrooms to outer edge of skillet, add kale to now-empty center of skillet, and cook, stirring frequently, until kale is slightly wilted and softened and has mixed with mushrooms, about 3 minutes."
0.0,0.6122449040412903,0.6937201023101807,2,Push mushrooms and kale to outer edge of skillet and add butter to center of skillet.,"Push mushrooms to outer edge of skillet, add kale to now-empty center of skillet, and cook, stirring frequently, until kale is slightly wilted and softened and has mixed with mushrooms, about 3 minutes."
1.0,1.0,0.9745060205459595,2,"Once butter has melted and begun foaming, add shallots, garlic, and thyme to center of skillet and cook, stirring constantly, until fragrant, about 30 seconds.","Once butter has melted and begun foaming, add shallots, garlic, and thyme to center of skillet and cook, stirring constantly, until fragrant, about 30 seconds."
0.0,0.5625,0.6418443918228149,2,Add sherry and sherry vinegar and stir to combine. Season with salt and pepper and transfer mixture to a heatproof medium bowl to cool.,Add sherry and sherry vinegar and stir to combine.
1.0,1.0,0.9708812236785889,2,"Stuff pumpkins by evenly dividing and layering half the ingredients in the following order: mashed kabocha squash, bread, mushroom-kale mixture, pepitas, pecans, Gruyère, and spiced cream.","Stuff pumpkins by evenly dividing and layering half the ingredients in the following order: mashed kabocha squash, bread, mushroom-kale mixture, pepitas, pecans, Gruyère, and spiced cream."
0.0,0.8799999952316284,0.9500433206558228,2,Use a pastry brush to paint glaze onto pumpkins and pumpkin tops.,"If glazing the pumpkins, use a pastry brush to paint glaze onto pumpkins and pumpkin tops."
0.0,0.44999998807907104,0.6208583116531372,2,pumpkins are tender and easily pierced by a paring knife.,"Roast pumpkins on baking sheet, without tops, until top layer of cheese is melted and lightly browned, and pumpkins are tender and easily pierced by a paring knife, 30 to 45 minutes."
1.0,1.0,0.9718970656394958,2,Set tops on pumpkins and continue roasting for 10 minutes longer.,Set tops on pumpkins and continue roasting for 10 minutes longer.
1.0,1.0,0.9542423486709595,2,Set aside.,Set aside.
0.0,0.6896551847457886,0.6810668706893921,2,"Place cashews in a small cast iron skillet over medium heat. Toast until fragrant and lightly browned, about 4 minutes.",Place cashews in a small cast iron skillet over medium heat.
0.0,0.9166666865348816,0.7849103808403015,2,"Transfer a medium bowl. Add onion, pineapple, and cilantro; toss to combine. Set aside.","Transfer a medium bowl. Add onion, pineapple, and cilantro; toss to combine."
0.0,0.05714285746216774,0.2790343463420868,2,"Light one chimney full of charcoal. When all the charcoal is lit and covered with gray ash, pour out and arrange the coals on one side of the charcoal grate.","Add onion, pineapple, and cilantro; toss to combine."
0.0,0.49180328845977783,0.725959837436676,2,Score duck skin diagonally every 1/2-inch. Season breast liberally all over with salt and pepper.,"Score duck skin diagonally every 1/2-inch. Season breast liberally all over with salt and pepper. Place duck breast on hot side of grill, skin side down, and cook until skin has browned and crisped, 5 to 7 minutes. Flip and brown on other side, about 4"
1.0,1.0,0.9716563820838928,2,"Thinly slice duck, halving any long strips into bite-size pieces.","Thinly slice duck, halving any long strips into bite-size pieces."
1.0,1.0,0.9704458713531494,2,Pour on dressing and toss to combine.,Pour on dressing and toss to combine.
1.0,1.0,0.9657336473464966,2,Transfer to plates and serve immediately.,Transfer to plates and serve immediately.
1.0,1.0,0.9657336473464966,2,Transfer to plates and serve immediately.,Transfer to plates and serve immediately.
1.0,1.0,0.9692448973655701,2,"Bring water, butter, and salt to a boil in a medium saucepan over high heat.","Bring water, butter, and salt to a boil in a medium saucepan over high heat."
0.0,0.5714285969734192,0.7328431606292725,2,"Continue to stir, beating dough forcefully and rapidly","Reduce heat to medium-low and continue to stir, beating dough forcefully and rapidly to prevent it from sticking to the pot."
1.0,1.0,0.9739456176757812,2,Continue cooking until dough pulls away from sides of pot leaving a thin layer and steams slightly.,Continue cooking until dough pulls away from sides of pot leaving a thin layer and steams slightly.
1.0,1.0,0.9714995622634888,2,Add mustard and cheese and beat on medium-low speed.,Add mustard and cheese and beat on medium-low speed.
1.0,1.0,0.9729397892951965,2,"Add eggs one at a time, allowing dough to fully incorporate egg before adding the next one.","Add eggs one at a time, allowing dough to fully incorporate egg before adding the next one."
1.0,1.0,0.9721786975860596,2,Transfer mixture to a gallon-sized zipper-lock bag or a pastry bag fitted with a 1/2-inch tip.,Transfer mixture to a gallon-sized zipper-lock bag or a pastry bag fitted with a 1/2-inch tip.
0.0,0.0,0.009785733185708523,2,mustard and cheese,beat with wooden spoon until homogenous
0.0,0.7317073345184326,0.7201992869377136,2,"Add eggs one at a time, beating vigorously with each addition to prevent eggs from curdling and allowing dough to fully incorporate egg before adding the next one.","Add eggs one at a time, allowing dough to fully incorporate egg before adding the next one."
1.0,1.0,0.9721786975860596,2,Transfer mixture to a gallon-sized zipper-lock bag or a pastry bag fitted with a 1/2-inch tip.,Transfer mixture to a gallon-sized zipper-lock bag or a pastry bag fitted with a 1/2-inch tip.
0.0,0.7179487347602844,0.6823148727416992,2,"Meanwhile, bring a large pot of salted water to a simmer and have a rimmed baking sheet. If using a zipper-lock bag, cut off a 1/2-inch opening in one corner.","Meanwhile, bring a large pot of salted water to a simmer and have a rimmed baking sheet."
1.0,1.0,0.9736551642417908,2,"Holding the bag over the boiling water, squeeze the mixture out of the bag, cutting it off with a paring knife into 1-inch lengths and letting them fall directly into the simmering water.","Holding the bag over the boiling water, squeeze the mixture out of the bag, cutting it off with a paring knife into 1-inch lengths and letting them fall directly into the simmering water."
0.0,0.6341463327407837,0.7189493179321289,2,"Continue cooking until gnocchi are fully cooked to the center, about 3 minutes longer. Lift gnocchi with a fine mesh strainer or a metal spider and transfer to rimmed baking sheet.","Continue cooking until gnocchi are fully cooked to the center, about 3 minutes longer."
0.0,0.7317073345184326,0.6871494650840759,2,Lift gnocchi with a fine mesh strainer or a metal spider and transfer to rimmed baking sheet. Drizzle with a little bit of olive oil and toss to coat.,Lift gnocchi with a fine mesh strainer or a metal spider and transfer to rimmed baking sheet.
0.0,0.23076923191547394,0.016291195526719093,2,Drizzle with a little bit of olive oil and toss to coat.,Lift gnocchi with a fine mesh strainer or a metal spider and transfer to rimmed baking sheet.
1.0,1.0,0.9542423486709595,2,Set aside.,Set aside.
0.0,0.6896551847457886,0.6810668706893921,2,"Place cashews in a small cast iron skillet over medium heat. Toast until fragrant and lightly browned, about 4 minutes.",Place cashews in a small cast iron skillet over medium heat.
0.0,0.05714285746216774,0.2790343463420868,2,"Light one chimney full of charcoal. When all the charcoal is lit and covered with gray ash, pour out and arrange the coals on one side of the charcoal grate.","Add onion, pineapple, and cilantro; toss to combine."
0.0,0.49180328845977783,0.725959837436676,2,Score duck skin diagonally every 1/2-inch. Season breast liberally all over with salt and pepper.,"Score duck skin diagonally every 1/2-inch. Season breast liberally all over with salt and pepper. Place duck breast on hot side of grill, skin side down, and cook until skin has browned and crisped, 5 to 7 minutes. Flip and brown on other side, about 4"
1.0,1.0,0.9716563820838928,2,"Thinly slice duck, halving any long strips into bite-size pieces.","Thinly slice duck, halving any long strips into bite-size pieces."
1.0,1.0,0.9716563820838928,2,"Thinly slice duck, halving any long strips into bite-size pieces.","Thinly slice duck, halving any long strips into bite-size pieces."
1.0,1.0,0.9704458713531494,2,Pour on dressing and toss to combine.,Pour on dressing and toss to combine.
1.0,1.0,0.9704458713531494,2,Pour on dressing and toss to combine.,Pour on dressing and toss to combine.
1.0,1.0,0.9657336473464966,2,Transfer to plates and serve immediately.,Transfer to plates and serve immediately.
1.0,1.0,0.9657336473464966,2,Transfer to plates and serve immediately.,Transfer to plates and serve immediately.
0.0,0.6875,0.6915681958198547,2,Pour out and spread coals evenly over half of coal grate.,"When all the charcoal is lit and covered with gray ash, pour out and spread coals evenly over half of coal grate."
1.0,1.0,0.9701046943664551,2,Set all the burners of a gas grill to high heat.,Set all the burners of a gas grill to high heat.
1.0,1.0,0.970819890499115,2,Clean and oil grilling grate.,Clean and oil grilling grate.
1.0,1.0,0.9682332277297974,2,Lightly brush them all over with oil.,lightly brush them all over with oil
1.0,1.0,0.9695623517036438,2,Lightly brush them all over with oil.,Lightly brush them all over with oil.
1.0,1.0,0.9727086424827576,2,"Season tuna steaks all over with salt and, if desired, pepper.","Season tuna steaks all over with salt and, if desired, pepper."
0.0,0.6875,0.6994578242301941,2,Try to gently lift it from below using a thin metal spatula or the tines of a carving fork inserted down between the grill grates.,try to gently lift it from below using a thin metal spatula
0.0,0.3255814015865326,0.5769378542900085,2,Use the side of the fish to gauge doneness,"Use the side of the fish to gauge doneness: if you want it very rare in the center, the sides of the steaks should still look purple, with the color of the cooked fish just starting to creep in from above and below."
0.0,0.7407407164573669,0.7241538763046265,2,"If you want it a little more done, let the cooked color creep up a bit more from both sides.",Let the cooked color creep up a bit more from both sides.
1.0,1.0,0.9542423486709595,2,Set aside.,Set aside.
0.0,0.6896551847457886,0.6810668706893921,2,"Place cashews in a small cast iron skillet over medium heat. Toast until fragrant and lightly browned, about 4 minutes.",Place cashews in a small cast iron skillet over medium heat.
0.0,0.05714285746216774,0.2790343463420868,2,"Light one chimney full of charcoal. When all the charcoal is lit and covered with gray ash, pour out and arrange the coals on one side of the charcoal grate.","Add onion, pineapple, and cilantro; toss to combine."
0.0,0.49180328845977783,0.725959837436676,2,Score duck skin diagonally every 1/2-inch. Season breast liberally all over with salt and pepper.,"Score duck skin diagonally every 1/2-inch. Season breast liberally all over with salt and pepper. Place duck breast on hot side of grill, skin side down, and cook until skin has browned and crisped, 5 to 7 minutes. Flip and brown on other side, about 4"
1.0,1.0,0.9716563820838928,2,"Thinly slice duck, halving any long strips into bite-size pieces.","Thinly slice duck, halving any long strips into bite-size pieces."
1.0,1.0,0.9716563820838928,2,"Thinly slice duck, halving any long strips into bite-size pieces.","Thinly slice duck, halving any long strips into bite-size pieces."
1.0,1.0,0.9704458713531494,2,Pour on dressing and toss to combine.,Pour on dressing and toss to combine.
1.0,1.0,0.9657336473464966,2,Transfer to plates and serve immediately.,Transfer to plates and serve immediately.
1.0,1.0,0.9657336473464966,2,Transfer to plates and serve immediately.,Transfer to plates and serve immediately.
1.0,1.0,0.9719929099082947,2,Stir in sesame seeds and black pepper; set aside.,Stir in sesame seeds and black pepper; set aside.
0.0,0.4878048896789551,0.6608434915542603,2,"Add to bowl with dressing, along with leeks and Dijon. Using clean hands, scrunch, mix, and massage together until vegetables are evenly coated with dressing and slightly softened, about 30 seconds.","add to bowl with dressing, along with leeks and Dijon"
1.0,1.0,0.9739308953285217,2,"Using clean hands, scrunch, mix, and massage together until vegetables are evenly coated with dressing and slightly softened, about 30 seconds.","Using clean hands, scrunch, mix, and massage together until vegetables are evenly coated with dressing and slightly softened, about 30 seconds."
1.0,1.0,0.9739308953285217,2,"Using clean hands, scrunch, mix, and massage together until vegetables are evenly coated with dressing and slightly softened, about 30 seconds.","Using clean hands, scrunch, mix, and massage together until vegetables are evenly coated with dressing and slightly softened, about 30 seconds."
0.0,0.09090909361839294,0.32031065225601196,2,mix,"Using clean hands, scrunch, mix, and massage together until vegetables are evenly coated with dressing and slightly softened, about 30 seconds."
1.0,1.0,0.9708392024040222,2,Divide salad between small individual serving bowls and serve.,Divide salad between small individual serving bowls and serve.
0.0,0.6857143044471741,0.812168300151825,2,the salad can be refrigerated in an airtight container for up to 1 day,"If not serving right away, salad can be refrigerated in an airtight container for up to 1 day; bring to room temperature before serving."
0.0,0.0,0.3038462996482849,2,heat,Carefully pour oil out of wok into a heatproof container and reserve.
0.0,0.9166666865348816,0.9721480011940002,2,adding up to 2 tablespoons additional water if batter is too thick.,Add up to 2 tablespoons additional water if batter is too thick.
1.0,1.0,0.974692165851593,2,It should have the consistency of thin paint and fall off of the whisk in thin ribbons that instantly disappear as they hit the surface of the batter in the bowl.,It should have the consistency of thin paint and fall off of the whisk in thin ribbons that instantly disappear as they hit the surface of the batter in the bowl.
0.0,0.0,0.058472830802202225,2,repeat,Transfer to a paper towel-lined plate.
1.0,1.0,0.9735805988311768,2,Carefully pour oil out of wok into a heatproof container and reserve.,Carefully pour oil out of wok into a heatproof container and reserve.
0.0,0.0,0.08943349868059158,2,Set aside.,"Combine scallion whites, garlic, and ginger in a second small bowl."
1.0,1.0,0.9542423486709595,2,Set aside.,Set aside.
1.0,1.0,0.9714905619621277,2,Coarsely grind half of peppercorns in a mortar and pestle or spice grinder.,Coarsely grind half of peppercorns in a mortar and pestle or spice grinder.
1.0,1.0,0.9723371267318726,2,"Add remaining half of peppercorns and chilies and cook, stirring, for 5 seconds.","Add remaining half of peppercorns and chilies and cook, stirring, for 5 seconds."
1.0,1.0,0.9696743488311768,2,Immediately drain through fine mesh strainer.,Immediately drain through fine mesh strainer.
1.0,1.0,0.9696750044822693,2,Clear a space in the center of the wok and add the scallion/ginger/garlic mixture.,Clear a space in the center of the wok and add the scallion/ginger/garlic mixture.
0.0,0.3199999928474426,0.6424288749694824,2,"Stir sauce mixture and add to wok. Cook, tossing and folding ingredients together until tofu is fully coated.",Add tofu and carefully turn to coat.
0.0,0.1666666716337204,0.41526225209236145,2,"Using clean hands, scrunch, mix, and massage together until vegetables are evenly coated with dressing and slightly softened, about 30 seconds.","Once Brussels sprouts have cooled, add to bowl with dressing, along with leeks and Dijon."
1.0,1.0,0.9739308953285217,2,"Using clean hands, scrunch, mix, and massage together until vegetables are evenly coated with dressing and slightly softened, about 30 seconds.","Using clean hands, scrunch, mix, and massage together until vegetables are evenly coated with dressing and slightly softened, about 30 seconds."
1.0,1.0,0.9708392024040222,2,Divide salad between small individual serving bowls and serve.,Divide salad between small individual serving bowls and serve.
1.0,1.0,0.968018114566803,2,bring to room temperature before serving.,Bring to room temperature before serving.
0.0,0.7058823704719543,0.7982885837554932,2,"Carefully run knife along the cavity of the pumpkin to loosen seeds and stringy pulp, then use a spoon to scoop them out and scrape the cavity clean. Using the paring knife, scrape seeds and pulp from the tops as well. Discard seeds and pulp or reserve for another use.","Carefully run knife along the cavity of the pumpkin to loosen seeds and stringy pulp, then use a spoon to scoop them out and scrape the cavity clean."
0.0,0.7058823704719543,0.6733177304267883,2,"Place pumpkin tops on pumpkins, then set pumpkins on prepared baking sheet. Set kabocha squash, cut side down, on the same baking sheet.","Place pumpkin tops on pumpkins, then set pumpkins on prepared baking sheet."
1.0,1.0,0.974075436592102,2,"Roast until kabocha squash is tender and can easily be pierced with a paring knife, and sugar pumpkins have slightly softened, 45 minutes to 1 hour.","Roast until kabocha squash is tender and can easily be pierced with a paring knife, and sugar pumpkins have slightly softened, 45 minutes to 1 hour."
0.0,0.6451612710952759,0.6083118319511414,2,Lift pumpkin tops from pumpkins to allow steam to escape and set all roasted squash aside to cool on baking sheet.,Set all roasted squash aside to cool on baking sheet.
0.0,0.6037735939025879,0.6810950636863708,2,use a large spoon to scoop the flesh into a medium bowl and roughly mash with the back of the spoon.,"Once the kabocha squash is cool enough to handle, use a large spoon to scoop the flesh into a medium bowl and roughly mash with the back of the spoon. Discard squash skin. Season mashed squash with salt and pepper and set aside."
1.0,1.0,0.969126284122467,2,Discard squash skin.,Discard squash skin.
0.0,0.8813559412956238,0.7714982032775879,2,"heat oil over medium-high heat until shimmering. Add mushrooms, season with salt and pepper, and cook, stirring frequently with a wooden spoon, until moisture has evaporated and mushrooms are well browned, about 10 minutes.","Add mushrooms, season with salt and pepper, and cook, stirring frequently with a wooden spoon, until moisture has evaporated and mushrooms are well browned, about 10 minutes."
0.0,0.8181818127632141,0.7906975746154785,2,"cook, stirring frequently with a wooden spoon, until moisture has evaporated and mushrooms are well browned, about 10 minutes.","Add mushrooms, season with salt and pepper, and cook, stirring frequently with a wooden spoon, until moisture has evaporated and mushrooms are well browned, about 10 minutes."
1.0,1.0,0.9734452366828918,2,"Push mushrooms to outer edge of skillet, add kale to now-empty center of skillet, and cook, stirring frequently, until kale is slightly wilted and softened and has mixed with mushrooms, about 3 minutes.","Push mushrooms to outer edge of skillet, add kale to now-empty center of skillet, and cook, stirring frequently, until kale is slightly wilted and softened and has mixed with mushrooms, about 3 minutes."
0.0,0.6122449040412903,0.6937201023101807,2,Push mushrooms and kale to outer edge of skillet and add butter to center of skillet.,"Push mushrooms to outer edge of skillet, add kale to now-empty center of skillet, and cook, stirring frequently, until kale is slightly wilted and softened and has mixed with mushrooms, about 3 minutes."
1.0,1.0,0.9745060205459595,2,"Once butter has melted and begun foaming, add shallots, garlic, and thyme to center of skillet and cook, stirring constantly, until fragrant, about 30 seconds.","Once butter has melted and begun foaming, add shallots, garlic, and thyme to center of skillet and cook, stirring constantly, until fragrant, about 30 seconds."
0.0,0.5625,0.6418443918228149,2,Add sherry and sherry vinegar and stir to combine. Season with salt and pepper and transfer mixture to a heatproof medium bowl to cool.,Add sherry and sherry vinegar and stir to combine.
1.0,1.0,0.9729610085487366,2,"After squashes have cooled and kabocha is mashed, whisk together cream, milk, cinnamon, paprika, nutmeg, ginger, and cloves in a large liquid measuring cup. Season to taste with salt and pepper.","After squashes have cooled and kabocha is mashed, whisk together cream, milk, cinnamon, paprika, nutmeg, ginger, and cloves in a large liquid measuring cup. Season to taste with salt and pepper."
1.0,1.0,0.967810869216919,2,Season to taste with salt and pepper.,Season to taste with salt and pepper.
1.0,1.0,0.9715816974639893,2,Whisk ingredients together in a small bowl and set aside.,Whisk ingredients together in a small bowl and set aside.
0.0,0.6428571343421936,0.6311174035072327,2,pumpkins are tender and easily pierced by a paring knife.,"top layer of cheese is melted and lightly browned, and pumpkins are tender and easily pierced by a paring knife"
1.0,1.0,0.9718970656394958,2,Set tops on pumpkins and continue roasting for 10 minutes longer.,Set tops on pumpkins and continue roasting for 10 minutes longer.
0.0,0.13953489065170288,0.43292760848999023,2,"Working in batches, cook chilies in the skillet, pressing down with a spatula, until lightly toasted and fragrant, about 5 seconds on each side; be careful not to let chilies burn.","Cut all the chilies open along one side, so that they can be laid flat."
1.0,1.0,0.9730389714241028,2,"Transfer to a large bowl and cover chilies with hot water, setting a small plate on top to keep them submerged.","Transfer to a large bowl and cover chilies with hot water, setting a small plate on top to keep them submerged."
0.0,0.13953489065170288,0.43292760848999023,2,"Working in batches, cook chilies in the skillet, pressing down with a spatula, until lightly toasted and fragrant, about 5 seconds on each side; be careful not to let chilies burn.","Cut all the chilies open along one side, so that they can be laid flat."
1.0,1.0,0.9730389714241028,2,"Transfer to a large bowl and cover chilies with hot water, setting a small plate on top to keep them submerged.","Transfer to a large bowl and cover chilies with hot water, setting a small plate on top to keep them submerged."
0.0,0.8571428656578064,0.7947074770927429,2,"cook over medium heat, stirring often, until well browned, about 5 minutes","cook over medium heat, stirring often, until well browned"
1.0,1.0,0.9730836749076843,2,"If the mixture won’t blend, add another 1/2 cup of stock.","If the mixture won’t blend, add another 1/2 cup of stock."
0.0,0.8095238208770752,0.7873644828796387,2,press chili mixture through a mesh strainer set over a large bow until only chili skins remain in strainer.,"Using a wooden spoon or rubber spatula, press chili mixture through a mesh strainer set over a large bow until only chili skins remain in strainer. Discard skins."
1.0,1.0,0.9674819111824036,2,Discard skins.,Discard skins.
0.0,0.6399999856948853,0.6583548188209534,2,Add flour and stir immediately with a wire whisk. Continue to stir until roux turns light golden brown.,Add flour and stir immediately with a wire whisk.
1.0,1.0,0.9739142656326294,2,"Cook, stirring occasionally, until sauce is dark red and thick like a gravy, about 30 minutes.","Cook, stirring occasionally, until sauce is dark red and thick like a gravy, about 30 minutes."
1.0,1.0,0.9721724987030029,2,"If too thick, add a little water to thin it out.","If too thick, add a little water to thin it out."
0.0,0.20000000298023224,0.5128371715545654,2,heat,Heat oil in cast-iron skillet over medium-high until shimmering.
0.0,0.7213114500045776,0.7225533723831177,2,"carefully slide tortillas into oil and cook, turning once, until just starting to look leathery, about 5 to 10 seconds per side","Working 1 tortilla at a time, carefully slide tortillas into oil and cook, turning once, until just starting to look leathery, about 5 to 10 seconds per side; avoid frying too long, as overly crisp tortillas will crack when folded."
1.0,1.0,0.953304648399353,2,"Working 1 tortilla at a time, carefully slide tortillas into oil and cook, turning once, until just starting to look leathery, about 5 to 10 seconds per side; avoid frying too long, as overly crisp tortillas will crack when folded.","Working 1 tortilla at a time, carefully slide tortillas into oil and cook, turning once, until just starting to look leathery, about 5 to 10 seconds per side; avoid frying too long, as overly crisp tortillas will crack when folded."
0.0,0.47058823704719543,0.6826947331428528,2,"Avoid frying too long, as overly crisp tortillas will crack when folded.","Working 1 tortilla at a time, carefully slide tortillas into oil and cook, turning once, until just starting to look leathery, about 5 to 10 seconds per side; avoid frying too long, as overly crisp tortillas will crack when folded."
0.0,0.0833333358168602,0.3236820697784424,2,"dip fried tortilla into sauce, then transfer to a plate","Cook, stirring occasionally, until sauce is dark red and thick like a gravy, about 30 minutes."
0.0,0.9142857193946838,0.7967232465744019,2,Arrange 1/4 cup of cheese and 1 tablespoon chopped onions in a line along center of tortilla,"Arrange 1/4 cup of cheese and 1 tablespoon chopped onions in a line along center of tortilla, then roll up."
0.0,0.692307710647583,0.7240751385688782,2,"Set rolled tortilla, seam-side down, in a 9-by-11-inch baking pan","Set rolled tortilla, seam-side down, in a 9-by-11-inch baking pan and repeat with remaining tortillas, cheese, and onion."
0.0,0.1599999964237213,0.2811688780784607,2,Follow it by spooning remaining cheese and onion.,"Transfer to the oven, and bake until cheese melts and just starts to bubble, 10 to 15 minutes."
0.0,0.13333334028720856,0.3159993588924408,2,"transfer to the oven, and bake until cheese melts and just starts to bubble, 10 to 15 minutes.","Spoon remaining sauce on top of enchiladas, followed by remaining cheese and onion."
1.0,1.0,0.9584270715713501,2,Serve immediately.,Serve immediately.
1.0,1.0,0.9542423486709595,2,Set aside.,Set aside.
0.0,0.6896551847457886,0.6810668706893921,2,"Place cashews in a small cast iron skillet over medium heat. Toast until fragrant and lightly browned, about 4 minutes.",Place cashews in a small cast iron skillet over medium heat.
1.0,1.0,0.9714478850364685,2,Score duck skin diagonally every 1/2-inch. Season breast liberally all over with salt and pepper.,Score duck skin diagonally every 1/2-inch. Season breast liberally all over with salt and pepper.
1.0,1.0,0.9716563820838928,2,"Thinly slice duck, halving any long strips into bite-size pieces.","Thinly slice duck, halving any long strips into bite-size pieces."
1.0,1.0,0.9716563820838928,2,"Thinly slice duck, halving any long strips into bite-size pieces.","Thinly slice duck, halving any long strips into bite-size pieces."
1.0,1.0,0.9704458713531494,2,Pour on dressing and toss to combine.,Pour on dressing and toss to combine.
1.0,1.0,0.9704458713531494,2,Pour on dressing and toss to combine.,Pour on dressing and toss to combine.
1.0,1.0,0.9657336473464966,2,Transfer to plates and serve immediately.,Transfer to plates and serve immediately.
1.0,1.0,0.9657336473464966,2,Transfer to plates and serve immediately.,Transfer to plates and serve immediately.
0.0,0.0,0.0669391006231308,2,Set aside.,"Whisk together lime juice, fish sauce, sesame oil, sugar, and chili in a small bowl."
1.0,1.0,0.9730481505393982,2,Place another triple layer of paper towels or a clean dish towel on top and press down firmly with the palms of your hands to blot excess moisture.,Place another triple layer of paper towels or a clean dish towel on top and press down firmly with the palms of your hands to blot excess moisture.
0.0,0.12903225421905518,0.31073763966560364,2,Place another triple layer of paper towels or a clean dish towel on top and press down firmly with the palms of your hands to blot excess moisture.,Peel off upper paper towels.
0.0,0.7096773982048035,0.6806201934814453,2,"Transfer to a large clean plate and spread into a thin, even layer. Transfer to freezer and let chill for 15 minutes.","Transfer to a large clean plate and spread into a thin, even layer."
1.0,1.0,0.9729998111724854,2,Transfer half of the semolina flour to a large bowl and the other half to a 9- by 13-inch baking dish.,Transfer half of the semolina flour to a large bowl and the other half to a 9- by 13-inch baking dish.
0.0,0.29629629850387573,0.6583625674247742,2,Scrape it into a separate empty large bowl and fold it with a rubber spatula until no big chunks of frozen ricotta remain.,Scrape ricotta into bowl to weigh.
1.0,1.0,0.9692413210868835,2,Transfer it to the baking dish.,Transfer it to the baking dish.
1.0,1.0,0.9717759490013123,2,Sprinkle any remaining semolina in the bowl over the formed gnudi.,Sprinkle any remaining semolina in the bowl over the formed gnudi.
0.0,0.4838709533214569,0.7193192839622498,2,"They can be frozen. Transfer to a large plate or a rimmed baking sheet and freeze until solid, about 1 hour. Transfer to a zipper-lock freezer bag and store in the freezer for up to 2 months. Allow to thaw on a plate covered with plastic wrap in the refrigerator overnight before cooking.","Transfer to a large plate or a rimmed baking sheet and freeze until solid, about 1 hour."
1.0,1.0,0.9740193486213684,2,"Add sage leaves, season lightly with salt, and cook, turning the leaves occasionally, until crisp, about 2 minutes.","Add sage leaves, season lightly with salt, and cook, turning the leaves occasionally, until crisp, about 2 minutes."
1.0,1.0,0.9731394648551941,2,"Using tongs, transfer the leaves to a paper towel-lined plate to drain.","Using tongs, transfer the leaves to a paper towel-lined plate to drain."
0.0,0.0,0.4152964651584625,2,"cook, stirring very gently, for 3 minutes.","Using a slotted spoon, transfer the gnudi to the skillet with the butter, making sure that plenty of pasta water gets into the pan with the gnudi."
0.0,0.7058823704719543,0.739234447479248,2,making sure that plenty of pasta water gets into the pan with the gnudi.,"Yes, using a slotted spoon, transfer the gnudi to the skillet with the butter, making sure that plenty of pasta water gets into the pan with the gnudi."
0.0,0.8484848737716675,0.858793318271637,2,Shaking the pan and gently stirring the gnudi helps the butter and pasta water emulsify into a creamy sauce.,"shaking the pan and gently stirring the gnudi until the butter and pasta water emulsify into a creamy sauce, about 1 minute."
0.0,0.550000011920929,0.722519040107727,2,"The sauce is ready when the butter and pasta water emulsify into a creamy sauce, about 1 minute.","Place the skillet over high heat and cook, shaking the pan and gently stirring the gnudi until the butter and pasta water emulsify into a creamy sauce, about 1 minute."
1.0,1.0,0.9725142121315002,2,Transfer gnudi and butter sauce to a warm serving dish or to individual plates.,Transfer gnudi and butter sauce to a warm serving dish or to individual plates.
1.0,1.0,0.9704562425613403,2,Top with fried sage leaves and drizzle with browned butter. Sprinkle with Parmesan and black pepper and serve immediately.,Top with fried sage leaves and drizzle with browned butter. Sprinkle with Parmesan and black pepper and serve immediately.
0.0,0.7450980544090271,0.7428019046783447,2,Top with fried sage leaves and drizzle with browned butter. Sprinkle with Parmesan and black pepper and serve immediately.,Transfer gnudi and butter sauce to a warm serving dish or to individual plates. Top with fried sage leaves and drizzle with browned butter. Sprinkle with Parmesan and black pepper and serve immediately.
1.0,1.0,0.9692448973655701,2,"Bring water, butter, and salt to a boil in a medium saucepan over high heat.","Bring water, butter, and salt to a boil in a medium saucepan over high heat."
1.0,1.0,0.9739456176757812,2,Continue cooking until dough pulls away from sides of pot leaving a thin layer and steams slightly.,Continue cooking until dough pulls away from sides of pot leaving a thin layer and steams slightly.
0.0,0.6896551847457886,0.6810668706893921,2,"Place cashews in a small cast iron skillet over medium heat. Toast until fragrant and lightly browned, about 4 minutes.",Place cashews in a small cast iron skillet over medium heat.
0.0,0.9166666865348816,0.7849103808403015,2,"Transfer a medium bowl. Add onion, pineapple, and cilantro; toss to combine. Set aside.","Transfer a medium bowl. Add onion, pineapple, and cilantro; toss to combine."
0.0,0.05714285746216774,0.2790343463420868,2,"Light one chimney full of charcoal. When all the charcoal is lit and covered with gray ash, pour out and arrange the coals on one side of the charcoal grate.","Add onion, pineapple, and cilantro; toss to combine."
0.0,0.49180328845977783,0.725959837436676,2,Score duck skin diagonally every 1/2-inch. Season breast liberally all over with salt and pepper.,"Score duck skin diagonally every 1/2-inch. Season breast liberally all over with salt and pepper. Place duck breast on hot side of grill, skin side down, and cook until skin has browned and crisped, 5 to 7 minutes. Flip and brown on other side, about 4"
1.0,1.0,0.9716563820838928,2,"Thinly slice duck, halving any long strips into bite-size pieces.","Thinly slice duck, halving any long strips into bite-size pieces."
1.0,1.0,0.9704458713531494,2,Pour on dressing and toss to combine.,Pour on dressing and toss to combine.
1.0,1.0,0.9704458713531494,2,Pour on dressing and toss to combine.,Pour on dressing and toss to combine.
1.0,1.0,0.9657336473464966,2,Transfer to plates and serve immediately.,Transfer to plates and serve immediately.
1.0,1.0,0.9657336473464966,2,Transfer to plates and serve immediately.,Transfer to plates and serve immediately.
